29
47
83
137
173
191
227
263
281
317
353
443
461
641
821
911
1019
1091
1109
1163
1181
1217
1307
1361
1433
1451
1523
1613
1721
1811
1901
2027
2063
2081
2153
2207
2243
2333
2351
2423
2441
2531
2621
2711
2801
3251
3323
3413
3701
4007
4133
4241
4421
5051
5231
5303
5501
6113
6131
6203
6221
6311
7013
7103
7121
7211
8111
9011
10037
10091
10163
10181
10253
10271
10343
10433
10613
10631
11027
11117
11171
11243
11261
11351
11423
11621
11801
12071
12107
12143
12161
12251
12323
12413
12503
12611
13007
13043
13151
13241
13313
13331
13421
14033
14051
14303
14321
14411
15131
15401
16103
16301
17021
19001
20063
20117
20261
20333
20441
21017
21107
21143
21323
21341
21503
21521
21611
21701
22133
22511
23321
24023
24113
24203
25013
25031
25121
25301
26003
26021
26111
27011
28001
30071
30161
30323
30341
30431
31151
31223
31511
31601
32051
32141
32213
32303
32321
32411
33023
33113
33203
33311
34031
34211
34301
35111
35201
36011
40151
40241
41051
41141
41213
41231
41411
42023
42131
42221
43013
43103
44021
44111
44201
50033
50051
50123
50231
50321
50411
51131
51203
52103
52121
52301
53003
53201
54011
54101
55001
60041
61031
61121
61211
62003
62201
70121
72101
80021
80111
81101
90011
100019
100109
100271
100343
100361
100523
100613
100703
100811
101009
101027
101063
101081
101117
101207
101333
101513
101531
101603
102071
102107
102161
102233
102251
102503
102611
102701
103007
103043
103421
103511
104033
104123
104231
105023
105401
106013
106031
106103
106121
107021
107201
108011
109001
110063
110261
110441
110603
110711
111053
111143
111323
111341
111431
111521
111611
112061
112223
112241
112331
112403
112601
113051
113123
113213
113501
114041
114113
114203
114221
114311
115013
115211
115301
116201
117101
120017
120233
120413
120431
120503
121007
121061
121151
121313
121403
121421
122033
122051
122231
122321
122501
123113
123203
123311
123401
124121
124301
125003
125201
126011
130043
130223
130241
131213
131231
131303
131321
131501
132113
133013
133103
133121
135101
140123
140321
140411
141023
141041
141131
141221
141311
142031
142211
143111
150041
150131
150203
150221
150401
151013
151121
152003
152111
154001
160031
161201
162011
170003
170021
170111
172001
181001
200009
200063
200117
200153
200171
200351
200513
201107
201233
201251
201413
201611
201701
202061
202403
203051
203141
203213
203321
204023
204311
205031
205103
205211
206021
208001
210053
210071
210143
210233
210323
211007
211061
211151
211241
211313
211403
212123
212141
212411
212501
213023
213131
213203
214031
214211
217001
220151
220403
220421
220511
221303
221411
222023
222041
222113
222311
223103
223211
224201
226001
230123
230213
230303
230501
231041
231131
232013
232103
233021
233201
240041
240113
240131
240203
241013
242201
243011
243101
250013
250031
250301
251003
251201
252101
260003
260111
260201
261011
261101
280001
300017
300233
300323
300413
300431
301241
301331
301403
301601
302123
302213
302411
304013
304211
304301
305021
305111
306011
310043
310223
310313
310511
311033
311123
311303
312023
312203
312311
312401
313031
313211
313301
314003
314021
315011
320141
320213
320303
321203
321221
321311
322013
323003
323201
324011
324101
325001
330041
330131
330203
330311
331013
331031
331301
332201
333101
340031
340103
340121
340211
342101
350003
350111
351011
361001
400151
400313
400331
400601
401231
401321
401411
402023
402131
402221
403103
403301
404021
405011
410141
410231
410411
411041
411113
411311
412031
412211
413111
413201
414101
420041
420221
421103
421121
422111
424001
430013
430121
431021
441011
441101
450011
450101
500231
500321
500501
501131
501203
501401
502013
502121
502301
503003
504011
510203
510311
510401
511013
511211
512021
513101
514001
520031
520103
521021
521201
530021
531101
532001
540101
541001
600203
600221
600311
600401
601031
602111
602201
603011
603101
604001
610031
610301
611111
612011
620003
620111
620201
630101
700103
700211
702011
702101
720101
801011
1000037
1000253
1000541
1000721
1001027
1001081
1001153
1001531
1001621
1001801
1002017
1002143
1002341
1002503
1003133
1003241
1003601
1004033
1004141
1004303
1004501
1005041
1005131
1005203
1006301
1007021
1008101
1010081
1010423
1011071
1011107
1011233
1011431
1012007
1012043
1012133
1012241
1012421
1012601
1013321
1013501
1014113
1014131
1016111
1016201
1017011
1020143
1020233
1020413
1020431
1021043
1021331
1021403
1022033
1022123
1022141
1022303
1022501
1023041
1023203
1023221
1023311
1024031
1024103
1025021
1025111
1026101
1027001
1030061
1030241
1030511
1031141
1031231
1031411
1032131
1032221
1034003
1036001
1040051
1040141
1040411
1041041
1041203
1041221
1041311
1042103
1042121
1042211
1043111
1043201
1050041
1051301
1052111
1063001
1070021
1100009
1100027
1100063
1100171
1100243
1100261
1100441
1100513
1101071
1101143
1101323
1101341
1101431
1101521
1102007
1102151
1102313
1103213
1104041
1104113
1104203
1104221
1106201
1107101
1108001
1110413
1110521
1110611
1111007
1111043
1111151
1112141
1113221
1113401
1114031
1114301
1120313
1121033
1121051
1121231
1122041
1122113
1122131
1123211
1130123
1130321
1130501
1131023
1131113
1131131
1132301
1140131
1140203
1140311
1141013
1141031
1141103
1142003
1142021
1142201
1143101
1144001
1150031
1150103
1150211
1150301
1151021
1153001
1160111
1161011
1161101
1170011
1200161
1200233
1200323
1200341
1200611
1200701
1201043
1201061
1201241
1201601
1202231
1202303
1202321
1202501
1203221
1204103
1207001
1210151
1210241
1210403
1211051
1211141
1211303
1211411
1211501
1212023
1212221
1212401
1213301
1220411
1221113
1221131
1221221
1223003
1223021
1230023
1230311
1230401
1231301
1232003
1232201
1233101
1234001
1240013
1241003
1250003
1250021
1250201
1251011
1251101
1260011
1270001
1300133
1300421
1300511
1301033
1301123
1302221
1303013
1303031
1303121
1304003
1304111
1305011
1306001
1310033
1310123
1311131
1311311
1312211
1312301
1314011
1314101
1320023
1320113
1321031
1321301
1322003
1322021
1330031
1330103
1330211
1340021
1341101
1342001
1350101
1400051
1400141
1400303
1400411
1401131
1401203
1401401
1402031
1402301
1403021
1410023
1410203
1410401
1411013
1414001
1420031
1420121
1420301
1422011
1430201
1432001
1440011
1441001
1500041
1500113
1502021
1502201
1510013
1510121
1511021
1511201
1520003
1521011
1600121
1600211
1602011
1602101
1700021
1701101
1710011
1810001
2000081
2000153
2000261
2000351
2000423
2001413
2001611
2002061
2002151
2002223
2002313
2002331
2003033
2003051
2003213
2003321
2003411
2004131
2005103
2005121
2006021
2006111
2006201
2007011
2010017
2010053
2010161
2010341
2010413
2010431
2010611
2011241
2011601
2012033
2012123
2013023
2013113
2014013
2014031
2014121
2014301
2015021
2015201
2016101
2020043
2020223
2020313
2020511
2021321
2021501
2022401
2023013
2023031
2023121
2023211
2024111
2030051
2030213
2030411
2031023
2032013
2032103
2032301
2033021
2033111
2033201
2035001
2040041
2040113
2042021
2042111
2043011
2043101
2050031
2050211
2051111
2053001
2060021
2062001
2100053
2100071
2101007
2101061
2101223
2101313
2102213
2102411
2103041
2104013
2104031
2104103
2105003
2105111
2110133
2110151
2110223
2110313
2111051
2111231
2111303
2111321
2111411
2113211
2114003
2115101
2120051
2120213
2120231
2120303
2120411
2121023
2121131
2122013
2122031
2122103
2124011
2125001
2131013
2132003
2140013
2140121
2140301
2150111
2151011
2151101
2152001
2160101
2161001
2200043
2200061
2200313
2200403
2201033
2201051
2201501
2202041
2202131
2202311
2203121
2203211
2203301
2204003
2205011
2210141
2210303
2210321
2211023
2213201
2214011
2214101
2220041
2220203
2220311
2221031
2221301
2223101
2230121
2230301
2240003
2240111
2240201
2241011
2251001
2301023
2301041
2301401
2302301
2303003
2304011
2310221
2310311
2311013
2312021
2312201
2320301
2321003
2322101
2323001
2330021
2330201
2340011
2350001
2400221
2400311
2401013
2401031
2401103
2401211
2402201
2411111
2413001
2420111
2430011
2500301
2501003
2501201
2502011
2503001
2510111
2511011
2511101
2512001
2530001
2611001
2700101
2800001
3000017
3000161
3000251
3000611
3001133
3001151
3001223
3001421
3002123
3002231
3002411
3003113
3003131
3004013
3004301
3007001
3010313
3011051
3011213
3011231
3012041
3012131
3012221
3013211
3014003
3014201
3020123
3020231
3021131
3022031
3022211
3024101
3030113
3030221
3031031
3031103
3031121
3033011
3033101
3041111
3051011
3051101
3100007
3100043
3100061
3100151
3100313
3100421
3101051
3101141
3101321
3102023
3102131
3102311
3103013
3103211
3110033
3110213
3110231
3110321
3111023
3111131
3112103
3112301
3113111
3120311
3121121
3122003
3122201
3124001
3130031
3131021
3141011
3200033
3200051
3200123
3200213
3201113
3201131
3202301
3203111
3204011
3204101
3210023
3210113
3210203
3211301
3212021
3213011
3213101
3220211
3221111
3222101
3231101
3240101
3300041
3300203
3302003
3303011
3310301
3320201
3322001
3331001
3400211
3400301
3410111
3411011
3420101
3500111
3500201
3501101
3502001
3601001
3700001
4000043
4000133
4000511
4001141
4001213
4001303
4001411
4002041
4002113
4002221
4003121
4006001
4010141
4010231
4011113
4011221
4012013
4012103
4013021
4013111
4014011
4020221
4021013
4021211
4021301
4022003
4022021
4022111
4022201
4024001
4030121
4031201
4032101
4040021
4041101
4042001
4051001
4100051
4100231
4101023
4101401
4102121
4104011
4105001
4110131
4110401
4112021
4120211
4120301
4121003
4121111
4130003
4130111
4132001
4141001
4200023
4200113
4200401
4201013
4201103
4204001
4210013
4210103
4210121
4210211
4211021
4211111
4212101
4221011
4230101
4300013
4301021
4310021
4311011
4311101
4400021
4400111
4410101
4420001
4501001
5000213
5000321
5001023
5001203
5002103
5002211
5003003
5003111
5005001
5010041
5011031
5011121
5011301
5012003
5013101
5020031
5021201
5030111
5031011
5031101
5100311
5101211
5110103
5110211
5111201
5112101
5120201
5130101
5200103
5200211
5201111
5203001
5210003
5220101
5221001
5300003
5301011
5302001
6000023
6000041
6000221
6001013
6002111
6002201
6004001
6010211
6011111
6012011
6021011
6031001
6100013
6101111
6102101
6110003
6110201
6111011
6200003
6200111
6210011
6210101
6220001
6300011
7000121
7001003
7001021
7002101
7010021
7010111
7012001
7100003
7100111
7102001
7110101
7200101
7210001
7300001
8010011
9000011
9001001
